0 	 5000.000000000000
1 	 2551.020408163266
2 	 2157.632205610901
3 	 1938.032042161625
4 	 1791.957926608444
5 	 1685.694786880294
6 	 1603.992755629543
7 	 1538.749658300023
8 	 1485.189928127034
9 	 1440.284646367636
10 	 1402.004437298834
11 	 1368.930319821433
12 	 1340.035546286191
13 	 1314.555993213482
14 	 1291.909449247656
15 	 1271.643352685533
16 	 1253.399817945124
17 	 1236.891562936252
18 	 1221.884930442393
19 	 1208.187654644194
20 	 1195.639879022778
21 	 1184.107450092888
22 	 1173.476834659283
23 	 1163.651215153541
24 	 1154.547453064180
25 	 1146.093701019768
26 	 1138.227505752806
27 	 1130.894286891856
28 	 1124.046106585761
29 	 1117.640666414022
30 	 1111.640483547878
31 	 1106.012209478690
32 	 1100.726063032869
33 	 1095.755355677149
34 	 1091.076091864522
35 	 1086.666630788723
36 	 1082.507398695856
37 	 1078.580643056379
38 	 1074.870221582720
39 	 1071.361420400315
40 	 1068.040796726579
41 	 1064.896042246122
42 	 1061.915864038569
43 	 1059.089880453758
44 	 1056.408529765256
45 	 1053.862989788393
46 	 1051.445106939669
47 	 1049.147333453421
48 	 1046.962671668979
49 	 1044.884624465237
50 	 1042.907151055835
51 	 1041.024627472105
52 	 1039.231811156493
53 	 1037.523809169680
54 	 1035.896049582622
55 	 1034.344255682377
56 	 1032.864422669592
57 	 1031.452796567381
58 	 1030.105855097030
59 	 1028.820290306705
60 	 1027.592992765701
61 	 1026.421037159550
62 	 1025.301669140983
63 	 1024.232293308798
64 	 1023.210462201523
65 	 1022.233866205638
66 	 1021.300324289440
67 	 1020.407775483409
68 	 1019.554271036641
69 	 1018.737967186453
70 	 1017.957118484940
71 	 1017.210071632157
72 	 1016.495259770785
73 	 1015.811197201729
74 	 1015.156474484182
75 	 1014.529753887291
76 	 1013.929765163770
77 	 1013.355301618694
78 	 1012.805216449227
79 	 1012.278419333343
80 	 1011.773873247616
81 	 1011.290591496023
82 	 1010.827634933281
83 	 1010.384109367780
84 	 1009.959163130442
85 	 1009.551984797072
86 	 1009.161801052810
87 	 1008.787874688294
88 	 1008.429502717991
89 	 1008.086014611980
90 	 1007.756770633167
91 	 1007.441160272571
92 	 1007.138600775933
93 	 1006.848535755398
94 	 1006.570433880558
95 	 1006.303787643556
96 	 1006.048112193369
97 	 1005.802944234781
98 	 1005.567840987851
99 	 1005.342379204042
100 	 1005.126154235428
101 	 1004.918779153675
102 	 1004.719883915710
103 	 1004.529114573248
104 	 1004.346132523507
105 	 1004.170613798651
106 	 1004.002248391678
107 	 1003.840739616597
108 	 1003.685803500916
109 	 1003.537168208580
110 	 1003.394573491623
111 	 1003.257770168903
112 	 1003.126519630430
113 	 1003.000593365841
114 	 1002.879772515718
115 	 1002.763847444484
116 	 1002.652617333736
117 	 1002.545889794903
118 	 1002.443480500204
119 	 1002.345212830959
120 	 1002.250917542327
121 	 1002.160432443627
122 	 1002.073602093452
123 	 1001.990277508795
124 	 1001.910315887508
125 	 1001.833580343396
126 	 1001.759939653339
127 	 1001.689268015820
128 	 1001.621444820321
129 	 1001.556354427040
130 	 1001.493885956435
131 	 1001.433933088110
132 	 1001.376393868608
133 	 1001.321170527674
134 	 1001.268169302593
135 	 1001.217300270221
136 	 1001.168477186337
137 	 1001.121617331997
138 	 1001.076641366538
139 	 1001.033473186948
140 	 1000.992039793289
141 	 1000.952271159916
142 	 1000.914100112209
143 	 1000.877462208578
144 	 1000.842295627509
145 	 1000.808541059407
146 	 1000.776141603035
147 	 1000.745042666339
148 	 1000.715191871469
149 	 1000.686538963798
150 	 1000.659035724779
151 	 1000.632635888459
152 	 1000.607295061493
153 	 1000.582970646511
154 	 1000.559621768680
155 	 1000.537209205335
156 	 1000.515695318543
157 	 1000.495043990461
158 	 1000.475220561389
159 	 1000.456191770384
160 	 1000.437925698342
161 	 1000.420391713418
162 	 1000.403560418717
163 	 1000.387403602133
164 	 1000.371894188253
165 	 1000.357006192249
166 	 1000.342714675653
167 	 1000.328995703961
168 	 1000.315826305965
169 	 1000.303184434757
170 	 1000.291048930329
171 	 1000.279399483701
172 	 1000.268216602520
173 	 1000.257481578052
174 	 1000.247176453537
175 	 1000.237283993820
176 	 1000.227787656227
177 	 1000.218671562623
178 	 1000.209920472608
179 	 1000.201519757804
180 	 1000.193455377185
181 	 1000.185713853407
182 	 1000.178282250103
183 	 1000.171148150091
184 	 1000.164299634479
185 	 1000.157725262601
186 	 1000.151414052773
187 	 1000.145355463830
188 	 1000.139539377406
189 	 1000.133956080932
190 	 1000.128596251318
191 	 1000.123450939300
192 	 1000.118511554417
193 	 1000.113769850589
194 	 1000.109217912288
195 	 1000.104848141254
196 	 1000.100653243760
197 	 1000.096626218377
198 	 1000.092760344244
199 	 1000.089049169803
200 	 1000.085486501989
201 	 1000.082066395859
202 	 1000.078783144636
203 	 1000.075631270149
204 	 1000.072605513668
205 	 1000.069700827098
206 	 1000.066912364534
207 	 1000.064235474149
208 	 1000.061665690415
209 	 1000.059198726633
210 	 1000.056830467762
211 	 1000.054556963538
212 	 1000.052374421870
213 	 1000.050279202500
214 	 1000.048267810919
215 	 1000.046336892525
216 	 1000.044483227015
217 	 1000.042703723009
218 	 1000.040995412878
219 	 1000.039355447793
220 	 1000.037781092960
221 	 1000.036269723056
222 	 1000.034818817842
223 	 1000.033425957955
224 	 1000.032088820866
225 	 1000.030805177005
226 	 1000.029572886036
227 	 1000.028389893282
228 	 1000.027254226301
229 	 1000.026163991585
230 	 1000.025117371406
231 	 1000.024112620779
232 	 1000.023148064550
233 	 1000.022222094600
234 	 1000.021333167162
235 	 1000.020479800243
236 	 1000.019660571156
237 	 1000.018874114140
238 	 1000.018119118083
239 	 1000.017394324337
240 	 1000.016698524617
241 	 1000.016030558983
242 	 1000.015389313906
243 	 1000.014773720414
244 	 1000.014182752303
245 	 1000.013615424429
246 	 1000.013070791064
247 	 1000.012547944319
248 	 1000.012046012627
249 	 1000.011564159295
250 	 1000.011101581101
251 	 1000.010657506962
252 	 1000.010231196643
253 	 1000.009821939524
254 	 1000.009429053415
255 	 1000.009051883419
256 	 1000.008689800839
257 	 1000.008342202130
258 	 1000.008008507893
259 	 1000.007688161907
260 	 1000.007380630206
261 	 1000.007085400182
262 	 1000.006801979737
263 	 1000.006529896457
264 	 1000.006268696830
265 	 1000.006017945483
266 	 1000.005777224462
267 	 1000.005546132533
268 	 1000.005324284512
269 	 1000.005111310626
270 	 1000.004906855891
271 	 1000.004710579527
272 	 1000.004522154385
273 	 1000.004341266401
274 	 1000.004167614079
275 	 1000.004000907981
276 	 1000.003840870246
277 	 1000.003687234132
278 	 1000.003539743565
279 	 1000.003398152715
280 	 1000.003262225586
281 	 1000.003131735622
282 	 1000.003006465330
283 	 1000.002886205917
284 	 1000.002770756944
285 	 1000.002659925988
286 	 1000.002553528323
287 	 1000.002451386613
288 	 1000.002353330618
289 	 1000.002259196903
290 	 1000.002168828576
291 	 1000.002082075017
292 	 1000.001998791633
293 	 1000.001918839615
294 	 1000.001842085704
295 	 1000.001768401976
296 	 1000.001697665621
297 	 1000.001629758741
298 	 1000.001564568157
299 	 1000.001501985214
300 	 1000.001441905606
301 	 1000.001384229198
302 	 1000.001328859861
303 	 1000.001275705310
304 	 1000.001224676954
305 	 1000.001175689743
306 	 1000.001128662031
307 	 1000.001083515437
308 	 1000.001040174716
309 	 1000.000998567632
310 	 1000.000958624839
311 	 1000.000920279764
312 	 1000.000883468498
313 	 1000.000848129689
314 	 1000.000814204438
315 	 1000.000781636202
316 	 1000.000750370700
317 	 1000.000720355822
318 	 1000.000691541543
319 	 1000.000663879839
320 	 1000.000637324607
321 	 1000.000611831587
322 	 1000.000587358290
323 	 1000.000563863928
324 	 1000.000541309343
325 	 1000.000519656943
326 	 1000.000498870642
327 	 1000.000478915794
328 	 1000.000459759142
329 	 1000.000441368758
330 	 1000.000423713990
331 	 1000.000406765415
332 	 1000.000390494783
333 	 1000.000374874978
334 	 1000.000359879967
335 	 1000.000345484757
336 	 1000.000331665356
337 	 1000.000318398732
338 	 1000.000305662774
339 	 1000.000293436255
340 	 1000.000281698797
341 	 1000.000270430838
342 	 1000.000259613598
343 	 1000.000249229048
344 	 1000.000239259881
345 	 1000.000229689480
346 	 1000.000220501897
347 	 1000.000211681816
348 	 1000.000203214540
349 	 1000.000195085955
350 	 1000.000187282513
351 	 1000.000179791210
352 	 1000.000172599558
353 	 1000.000165695573
354 	 1000.000159067748
355 	 1000.000152705036
356 	 1000.000146596832
357 	 1000.000140732957
358 	 1000.000135103637
359 	 1000.000129699490
360 	 1000.000124511509
361 	 1000.000119531047
362 	 1000.000114749804
363 	 1000.000110159811
364 	 1000.000105753417
365 	 1000.000101523280
366 	 1000.000097462347
367 	 1000.000093563853
368 	 1000.000089821298
369 	 1000.000086228445
370 	 1000.000082779307
371 	 1000.000079468134
372 	 1000.000076289408
373 	 1000.000073237831
374 	 1000.000070308318
375 	 1000.000067495984
376 	 1000.000064796144
377 	 1000.000062204298
378 	 1000.000059716126
379 	 1000.000057327481
380 	 1000.000055034381
381 	 1000.000052833006
382 	 1000.000050719685
383 	 1000.000048690897
384 	 1000.000046743261
385 	 1000.000044873531
386 	 1000.000043078589
387 	 1000.000041355446
388 	 1000.000039701228
389 	 1000.000038113178
390 	 1000.000036588651
391 	 1000.000035125105
392 	 1000.000033720101
393 	 1000.000032371297
394 	 1000.000031076445
395 	 1000.000029833387
396 	 1000.000028640051
397 	 1000.000027494449
398 	 1000.000026394671
399 	 1000.000025338884
400 	 1000.000024325329
401 	 1000.000023352315
402 	 1000.000022418223
403 	 1000.000021521494
404 	 1000.000020660634
405 	 1000.000019834209
406 	 1000.000019040840
407 	 1000.000018279207
408 	 1000.000017548038
409 	 1000.000016846117
410 	 1000.000016172272
411 	 1000.000015525381
412 	 1000.000014904366
413 	 1000.000014308191
414 	 1000.000013735863
415 	 1000.000013186429
416 	 1000.000012658972
417 	 1000.000012152613
418 	 1000.000011666508
419 	 1000.000011199848
420 	 1000.000010751854
421 	 1000.000010321780
422 	 1000.000009908908
423 	 1000.000009512552
424 	 1000.000009132050
425 	 1000.000008766768
426 	 1000.000008416097
427 	 1000.000008079453
428 	 1000.000007756275
429 	 1000.000007446024
430 	 1000.000007148183
431 	 1000.000006862256
432 	 1000.000006587766
433 	 1000.000006324255
434 	 1000.000006071285
435 	 1000.000005828434
436 	 1000.000005595296
437 	 1000.000005371484
438 	 1000.000005156625
439 	 1000.000004950360
440 	 1000.000004752345
441 	 1000.000004562252
442 	 1000.000004379762
443 	 1000.000004204571
444 	 1000.000004036388
445 	 1000.000003874933
446 	 1000.000003719936
447 	 1000.000003571138
448 	 1000.000003428293
449 	 1000.000003291161
450 	 1000.000003159514
451 	 1000.000003033134
452 	 1000.000002911808
453 	 1000.000002795336
454 	 1000.000002683522
455 	 1000.000002576182
456 	 1000.000002473134
457 	 1000.000002374209
458 	 1000.000002279241
459 	 1000.000002188071
460 	 1000.000002100548
461 	 1000.000002016526
462 	 1000.000001935865
463 	 1000.000001858431
464 	 1000.000001784093
465 	 1000.000001712730
466 	 1000.000001644220
467 	 1000.000001578452
468 	 1000.000001515314
469 	 1000.000001454701
470 	 1000.000001396513
471 	 1000.000001340652
472 	 1000.000001287026
473 	 1000.000001235545
474 	 1000.000001186124
475 	 1000.000001138679
476 	 1000.000001093131
477 	 1000.000001049406
478 	 1000.000001007430
479 	 1000.000000967133
480 	 1000.000000928448
481 	 1000.000000891310
482 	 1000.000000855657
483 	 1000.000000821431
484 	 1000.000000788574
485 	 1000.000000757031
486 	 1000.000000726749
487 	 1000.000000697679
488 	 1000.000000669772
489 	 1000.000000642981
490 	 1000.000000617262
491 	 1000.000000592571
492 	 1000.000000568869
493 	 1000.000000546114
494 	 1000.000000524270
495 	 1000.000000503299
496 	 1000.000000483167
497 	 1000.000000463840
498 	 1000.000000445287
499 	 1000.000000427475
500 	 1000.000000410376
501 	 1000.000000393961
502 	 1000.000000378202
503 	 1000.000000363074
504 	 1000.000000348551
505 	 1000.000000334609
506 	 1000.000000321225
507 	 1000.000000308376
508 	 1000.000000296041
509 	 1000.000000284199
510 	 1000.000000272831
511 	 1000.000000261918
512 	 1000.000000251441
513 	 1000.000000241384
514 	 1000.000000231728
515 	 1000.000000222459
516 	 1000.000000213561
517 	 1000.000000205018
518 	 1000.000000196818
519 	 1000.000000188945
520 	 1000.000000181387
521 	 1000.000000174132
522 	 1000.000000167166
523 	 1000.000000160480
524 	 1000.000000154060
525 	 1000.000000147898
526 	 1000.000000141982
527 	 1000.000000136303
528 	 1000.000000130851
529 	 1000.000000125617
530 	 1000.000000120592
531 	 1000.000000115768
532 	 1000.000000111138
533 	 1000.000000106692
534 	 1000.000000102424
535 	 1000.000000098328
536 	 1000.000000094394
537 	 1000.000000090619
538 	 1000.000000086994
539 	 1000.000000083514
540 	 1000.000000080174
541 	 1000.000000076967
542 	 1000.000000073888
543 	 1000.000000070933
544 	 1000.000000068095
545 	 1000.000000065371
546 	 1000.000000062757
547 	 1000.000000060246
548 	 1000.000000057837
549 	 1000.000000055523
550 	 1000.000000053302
551 	 1000.000000051170
552 	 1000.000000049123
553 	 1000.000000047158
554 	 1000.000000045272
555 	 1000.000000043461
556 	 1000.000000041723
557 	 1000.000000040054
558 	 1000.000000038452
559 	 1000.000000036914
560 	 1000.000000035437
561 	 1000.000000034020
562 	 1000.000000032659
563 	 1000.000000031352
564 	 1000.000000030098
565 	 1000.000000028894
566 	 1000.000000027739
567 	 1000.000000026629
568 	 1000.000000025564
569 	 1000.000000024541
570 	 1000.000000023560
571 	 1000.000000022617
572 	 1000.000000021713
573 	 1000.000000020844
574 	 1000.000000020010
575 	 1000.000000019210
576 	 1000.000000018441
577 	 1000.000000017704
578 	 1000.000000016996
579 	 1000.000000016316
580 	 1000.000000015663
581 	 1000.000000015037
582 	 1000.000000014435
583 	 1000.000000013858
584 	 1000.000000013304
585 	 1000.000000012771
586 	 1000.000000012261
587 	 1000.000000011770
588 	 1000.000000011299
589 	 1000.000000010847
590 	 1000.000000010413
591 	 1000.000000009997
592 	 1000.000000009597
593 	 1000.000000009213
594 	 1000.000000008845
595 	 1000.000000008491
596 	 1000.000000008151
597 	 1000.000000007825
598 	 1000.000000007512
599 	 1000.000000007212
